700 0.003067 -0.006079 -0.015345 -8.811309 -2.108877 -3.717998 0.000000 0.000000 0.000000 1.000000 0.000000 0.000000 0.000000 0.000000 0.000000 0.000000 0.000000 -0.000000 0.000000 0.000000 ; 
920 -0.000165 -0.007148 -0.011068 -8.835211 -2.123346 -3.703728 0.000000 0.000000 0.000000 1.000000 0.000000 0.000000 0.000000 0.000000 0.000000 0.000000 0.000000 -0.000000 0.000000 0.000000 ; 
1140 0.000908 -0.006085 -0.012143 -8.825574 -2.118417 -3.732188 0.000000 0.000000 0.000000 1.000000 0.000000 0.000000 0.000000 0.000000 0.000000 0.000000 0.000000 -0.000000 0.000000 0.000000 ; 
1410 0.001964 -0.005023 -0.010034 -8.811565 -2.085227 -3.656371 0.000000 0.000000 0.000000 1.000000 0.000000 0.000000 0.000000 0.000000 0.000000 0.000000 0.000000 -0.000000 0.000000 0.000000 ; 
2020 0.003044 -0.006082 -0.011102 -8.787460 -2.084884 -3.722783 0.000000 0.000000 0.000000 1.000000 0.000000 0.000000 0.000000 0.000000 0.000000 0.000000 0.000000 -0.000000 0.000000 0.000000 ; 
2851 0.003034 -0.005021 -0.010044 -8.778047 -2.089849 -3.675409 0.000000 0.000000 0.000000 1.000000 0.000000 0.000000 0.000000 0.000000 0.000000 0.000000 0.000000 -0.000000 0.000000 0.000000 ; 
3071 0.004102 -0.003958 -0.010058 -8.844888 -2.104339 -3.680000 0.000000 0.000000 0.000000 1.000000 0.000000 0.000000 0.000000 0.000000 0.000000 0.000000 0.000000 -0.000000 0.000000 0.000000 ; 
3881 0.001973 -0.006083 -0.011092 -8.806721 -2.061136 -3.694292 0.000000 0.000000 0.000000 1.000000 0.000000 0.000000 0.000000 0.000000 0.000000 0.000000 0.000000 -0.000000 0.000000 0.000000 ; 
4821 0.003056 -0.008204 -0.012156 -8.835283 -2.118644 -3.684768 0.000000 0.000000 0.000000 1.000000 0.000000 0.000000 0.000000 0.000000 0.000000 0.000000 0.000000 -0.000000 0.000000 0.000000 ; 
5171 0.001982 -0.007144 -0.012149 -8.792309 -2.113778 -3.680125 0.000000 0.000000 0.000000 1.000000 0.000000 0.000000 0.000000 0.000000 0.000000 0.000000 0.000000 -0.000000 0.000000 0.000000 ; 
5642 0.000906 -0.007146 -0.011078 -8.792197 -2.108830 -3.718041 0.000000 0.000000 0.000000 1.000000 0.000000 0.000000 0.000000 0.000000 0.000000 0.000000 0.000000 -0.000000 0.000000 0.000000 ; 
5912 0.004122 -0.005018 -0.013237 -8.868563 -2.123303 -3.732091 0.000000 0.000000 0.000000 1.000000 0.000000 0.000000 0.000000 0.000000 0.000000 0.000000 0.000000 -0.000000 0.000000 0.000000 ; 
5962 0.003037 -0.003959 -0.011109 -8.825508 -2.113532 -3.755885 0.000000 0.000000 0.000000 1.000000 0.000000 0.000000 0.000000 0.000000 0.000000 0.000000 0.000000 -0.000000 0.000000 0.000000 ; 
6722 0.000893 -0.002902 -0.011092 -8.806606 -2.070580 -3.722733 0.000000 0.000000 0.000000 1.000000 0.000000 0.000000 0.000000 0.000000 0.000000 0.000000 0.000000 -0.000000 0.000000 0.000000 ; 
6942 0.001964 -0.005023 -0.010034 -8.777756 -2.108654 -3.751253 0.000000 0.000000 0.000000 1.000000 0.000000 0.000000 0.000000 0.000000 0.000000 0.000000 0.000000 -0.000000 0.000000 0.000000 ; 
7822 0.001982 -0.007144 -0.012149 -8.863980 -2.118753 -3.675222 0.000000 0.000000 0.000000 1.000000 0.000000 0.000000 0.000000 0.000000 0.000000 0.000000 0.000000 -0.000000 0.000000 0.000000 ; 
8382 0.006234 -0.005017 -0.007952 -8.796989 -2.070477 -3.741715 0.000000 0.000000 0.000000 1.000000 0.000000 0.000000 0.000000 0.000000 0.000000 0.000000 0.000000 -0.000000 0.000000 0.000000 ; 
8773 0.001969 -0.002899 -0.012163 -8.768348 -2.065645 -3.737040 0.000000 0.000000 0.000000 1.000000 0.000000 0.000000 0.000000 0.000000 0.000000 0.000000 0.000000 -0.000000 0.000000 0.000000 ; 
9583 -0.001251 -0.003967 -0.010008 -8.830502 -2.113830 -3.689517 0.000000 0.000000 0.000000 1.000000 0.000000 0.000000 0.000000 0.000000 0.000000 0.000000 0.000000 -0.000000 0.000000 0.000000 ; 
9973 -0.000168 -0.006094 -0.009992 -8.826282 -2.090170 -3.727652 0.000000 0.000000 0.000000 1.000000 0.000000 0.000000 0.000000 0.000000 0.000000 0.000000 0.000000 -0.000000 0.000000 0.000000 ; 
10783 0.004111 -0.005026 -0.010036 -8.840788 -2.076038 -3.684954 0.000000 0.000000 0.000000 1.000000 0.000000 0.000000 0.000000 0.000000 0.000000 0.000000 0.000000 -0.000000 0.000000 0.000000 ; 
11173 0.003038 -0.006089 -0.008961 -8.787968 -2.109150 -3.741965 0.000000 0.000000 0.000000 1.000000 0.000000 0.000000 0.000000 0.000000 0.000000 0.000000 0.000000 -0.000000 0.000000 0.000000 ; 
11223 0.000903 -0.006092 -0.010002 -8.802443 -2.094977 -3.708748 0.000000 0.000000 0.000000 1.000000 0.000000 0.000000 0.000000 0.000000 0.000000 0.000000 0.000000 -0.000000 0.000000 0.000000 ; 
12054 -0.005510 -0.003978 -0.013132 -8.807339 -2.143126 -3.637657 0.000000 0.000000 0.000000 1.000000 0.000000 0.000000 0.000000 0.000000 0.000000 0.000000 0.000000 -0.000000 0.000000 0.000000 ; 
12444 0.001991 -0.006088 -0.013195 -8.816999 -2.104904 -3.632881 0.000000 0.000000 0.000000 1.000000 0.000000 0.000000 0.000000 0.000000 0.000000 0.000000 0.000000 -0.000000 0.000000 0.000000 ; 
13254 0.000895 -0.007154 -0.007877 -8.812171 -2.080834 -3.666061 0.000000 0.000000 0.000000 1.000000 0.000000 0.000000 0.000000 0.000000 0.000000 0.000000 0.000000 -0.000000 0.000000 0.000000 ; 
13644 0.000910 -0.008214 -0.009995 -8.788193 -2.085459 -3.689818 0.000000 0.000000 0.000000 1.000000 0.000000 0.000000 0.000000 0.000000 0.000000 0.000000 0.000000 -0.000000 0.000000 0.000000 ; 
14014 -0.000174 -0.003971 -0.009999 -8.792846 -2.118891 -3.704039 0.000000 0.000000 0.000000 1.000000 0.000000 0.000000 0.000000 0.000000 0.000000 0.000000 0.000000 -0.000000 0.000000 0.000000 ; 
14215 0.000930 -0.007151 -0.014243 -8.826627 -2.061839 -3.642323 0.000000 0.000000 0.000000 1.000000 0.000000 0.000000 0.000000 0.000000 0.000000 0.000000 0.000000 -0.000000 0.000000 0.000000 ; 
15325 0.000912 -0.007152 -0.011060 -8.797699 -2.099810 -3.694541 0.000000 0.000000 0.000000 1.000000 0.000000 0.000000 0.000000 0.000000 0.000000 0.000000 0.000000 -0.000000 0.000000 0.000000 ; 
15715 0.001986 -0.008212 -0.011066 -8.821761 -2.085702 -3.651822 0.000000 0.000000 0.000000 1.000000 0.000000 0.000000 0.000000 0.000000 0.000000 0.000000 0.000000 -0.000000 0.000000 0.000000 ; 
15915 0.005168 -0.006087 -0.006860 -8.845332 -2.090135 -3.746567 0.000000 0.000000 0.000000 1.000000 0.000000 0.000000 0.000000 0.000000 0.000000 0.000000 0.000000 -0.000000 0.000000 0.000000 ; 
16625 0.004115 -0.008210 -0.008965 -8.793116 -2.056873 -3.666097 0.000000 0.000000 0.000000 1.000000 0.000000 0.000000 0.000000 0.000000 0.000000 0.000000 0.000000 -0.000000 0.000000 0.000000 ; 
17016 0.003052 -0.005026 -0.012148 -8.807285 -2.099874 -3.685040 0.000000 0.000000 0.000000 1.000000 0.000000 0.000000 0.000000 0.000000 0.000000 0.000000 0.000000 -0.000000 0.000000 0.000000 ; 
17576 -0.001232 -0.008218 -0.009976 -8.835979 -2.075986 -3.694445 0.000000 0.000000 0.000000 1.000000 0.000000 0.000000 0.000000 0.000000 0.000000 0.000000 0.000000 -0.000000 0.000000 0.000000 ; 
17796 -0.002300 -0.007158 -0.011030 -8.840696 -2.095110 -3.699181 0.000000 0.000000 0.000000 1.000000 0.000000 0.000000 0.000000 0.000000 0.000000 0.000000 0.000000 -0.000000 0.000000 0.000000 ; 
18116 0.005210 -0.010329 -0.012151 -8.812144 -2.104791 -3.656590 0.000000 0.000000 0.000000 1.000000 0.000000 0.000000 0.000000 0.000000 0.000000 0.000000 0.000000 -0.000000 0.000000 0.000000 ; 
18776 -0.000177 -0.005033 -0.008935 -8.831225 -2.104796 -3.666026 0.000000 0.000000 0.000000 1.000000 0.000000 0.000000 0.000000 0.000000 0.000000 0.000000 0.000000 -0.000000 0.000000 0.000000 ; 
18996 0.003062 -0.006087 -0.013205 -8.793029 -2.080748 -3.675586 0.000000 0.000000 0.000000 1.000000 0.000000 0.000000 0.000000 0.000000 0.000000 0.000000 0.000000 -0.000000 0.000000 0.000000 ; 
19216 -0.000171 -0.005032 -0.009996 -8.807107 -2.070849 -3.760867 0.000000 0.000000 0.000000 1.000000 0.000000 0.000000 0.000000 0.000000 0.000000 0.000000 0.000000 -0.000000 0.000000 0.000000 ; 
19416 0.005212 -0.007144 -0.014283 -8.812096 -2.119120 -3.661336 0.000000 0.000000 0.000000 1.000000 0.000000 0.000000 0.000000 0.000000 0.000000 0.000000 0.000000 -0.000000 0.000000 0.000000 ; 
19616 -0.000161 -0.008216 -0.009986 -8.797771 -2.075915 -3.689793 0.000000 0.000000 0.000000 1.000000 0.000000 0.000000 0.000000 0.000000 0.000000 0.000000 0.000000 -0.000000 0.000000 0.000000 ; 
20057 0.000910 -0.009279 -0.008922 -8.831592 -2.085885 -3.666130 0.000000 0.000000 0.000000 1.000000 0.000000 0.000000 0.000000 0.000000 0.000000 0.000000 0.000000 -0.000000 0.000000 0.000000 ; 
20357 0.004135 -0.006088 -0.013206 -8.759993 -2.095402 -3.637858 0.000000 0.000000 0.000000 1.000000 0.000000 0.000000 0.000000 0.000000 0.000000 0.000000 0.000000 -0.000000 0.000000 0.000000 ; 
21117 0.000930 -0.008216 -0.013169 -8.788650 -2.047476 -3.675694 0.000000 0.000000 0.000000 1.000000 0.000000 0.000000 0.000000 0.000000 0.000000 0.000000 0.000000 -0.000000 0.000000 0.000000 ; 
21317 0.000909 -0.007156 -0.009990 -8.831319 -2.090322 -3.746710 0.000000 0.000000 0.000000 1.000000 0.000000 0.000000 0.000000 0.000000 0.000000 0.000000 0.000000 -0.000000 0.000000 0.000000 ; 
21827 -0.000140 -0.008217 -0.013159 -8.812227 -2.095099 -3.737276 0.000000 0.000000 0.000000 1.000000 0.000000 0.000000 0.000000 0.000000 0.000000 0.000000 0.000000 -0.000000 0.000000 0.000000 ; 
22217 -0.000138 -0.007156 -0.014223 -8.817140 -2.090491 -3.699344 0.000000 0.000000 0.000000 1.000000 0.000000 0.000000 0.000000 0.000000 0.000000 0.000000 0.000000 -0.000000 0.000000 0.000000 ; 
22247 0.001983 -0.006093 -0.011064 -8.807825 -2.085991 -3.628265 0.000000 0.000000 0.000000 1.000000 0.000000 0.000000 0.000000 0.000000 0.000000 0.000000 0.000000 -0.000000 0.000000 0.000000 ; 
22447 -0.001235 -0.006099 -0.009973 -8.779063 -2.119383 -3.633083 0.000000 0.000000 0.000000 1.000000 0.000000 0.000000 0.000000 0.000000 0.000000 0.000000 0.000000 -0.000000 0.000000 0.000000 ; 
22698 0.002023 -0.011396 -0.015291 -8.788514 -2.104873 -3.675714 0.000000 0.000000 0.000000 1.000000 0.000000 0.000000 0.000000 0.000000 0.000000 0.000000 0.000000 -0.000000 0.000000 0.000000 ; 
22898 0.001970 -0.003971 -0.010010 -8.831521 -2.128974 -3.656666 0.000000 0.000000 0.000000 1.000000 0.000000 0.000000 0.000000 0.000000 0.000000 0.000000 0.000000 -0.000000 0.000000 0.000000 ; 
23118 0.005203 -0.007148 -0.012151 -8.783887 -2.100262 -3.633065 0.000000 0.000000 0.000000 1.000000 0.000000 0.000000 0.000000 0.000000 0.000000 0.000000 0.000000 -0.000000 0.000000 0.000000 ; 
23318 0.001970 -0.003971 -0.010010 -8.788487 -2.109636 -3.680456 0.000000 0.000000 0.000000 1.000000 0.000000 0.000000 0.000000 0.000000 0.000000 0.000000 0.000000 -0.000000 0.000000 0.000000 ; 
23518 0.003062 -0.007152 -0.012131 -8.793289 -2.119275 -3.666230 0.000000 0.000000 0.000000 1.000000 0.000000 0.000000 0.000000 0.000000 0.000000 0.000000 0.000000 -0.000000 0.000000 0.000000 ; 
23698 -0.001235 -0.006099 -0.009973 -8.826561 -2.095134 -3.737243 0.000000 0.000000 0.000000 1.000000 0.000000 0.000000 0.000000 0.000000 0.000000 0.000000 0.000000 -0.000000 0.000000 0.000000 ; 
23898 0.003060 -0.008214 -0.011067 -8.826913 -2.076409 -3.642437 0.000000 0.000000 0.000000 1.000000 0.000000 0.000000 0.000000 0.000000 0.000000 0.000000 0.000000 -0.000000 0.000000 0.000000 ; 
24118 0.000903 -0.005034 -0.009997 -8.783590 -2.114264 -3.713649 0.000000 0.000000 0.000000 1.000000 0.000000 0.000000 0.000000 0.000000 0.000000 0.000000 0.000000 -0.000000 0.000000 0.000000 ; 
24318 0.001986 -0.007154 -0.011061 -8.807611 -2.104898 -3.680410 0.000000 0.000000 0.000000 1.000000 0.000000 0.000000 0.000000 0.000000 0.000000 0.000000 0.000000 -0.000000 0.000000 0.000000 ; 
24518 0.003067 -0.010336 -0.011060 -8.793278 -2.032894 -3.732557 0.000000 0.000000 0.000000 1.000000 0.000000 0.000000 0.000000 0.000000 0.000000 0.000000 0.000000 -0.000000 0.000000 0.000000 ; 
24918 0.003057 -0.007152 -0.011070 -8.793318 -2.061735 -3.699389 0.000000 0.000000 0.000000 1.000000 0.000000 0.000000 0.000000 0.000000 0.000000 0.000000 0.000000 -0.000000 0.000000 0.000000 ; 
25098 -0.003337 -0.009282 -0.015247 -8.764717 -2.104938 -3.647331 0.000000 0.000000 0.000000 1.000000 0.000000 0.000000 0.000000 0.000000 0.000000 0.000000 0.000000 -0.000000 0.000000 0.000000 ; 
25298 0.000928 -0.009277 -0.012105 -8.831392 -2.176785 -3.661424 0.000000 0.000000 0.000000 1.000000 0.000000 0.000000 0.000000 0.000000 0.000000 0.000000 0.000000 -0.000000 0.000000 0.000000 ; 
25519 -0.000168 -0.005036 -0.009987 -8.869802 -2.124344 -3.642356 0.000000 0.000000 0.000000 1.000000 0.000000 0.000000 0.000000 0.000000 0.000000 0.000000 0.000000 -0.000000 0.000000 0.000000 ; 
26249 0.000924 -0.006093 -0.013176 -8.817132 -2.119271 -3.680394 0.000000 0.000000 0.000000 1.000000 0.000000 0.000000 0.000000 0.000000 0.000000 0.000000 0.000000 -0.000000 0.000000 0.000000 ; 
26469 0.000900 -0.006096 -0.008932 -8.779011 -2.056937 -3.694679 0.000000 0.000000 0.000000 1.000000 0.000000 0.000000 0.000000 0.000000 0.000000 0.000000 0.000000 -0.000000 0.000000 0.000000 ; 
27279 0.001999 -0.011399 -0.011047 -8.740383 -2.142676 -3.756416 0.000000 0.000000 0.000000 1.000000 0.000000 0.000000 0.000000 0.000000 0.000000 0.000000 0.000000 -0.000000 0.000000 0.000000 ; 
27999 0.000897 -0.005034 -0.008936 -8.793265 -2.090454 -3.694659 0.000000 0.000000 0.000000 1.000000 0.000000 0.000000 0.000000 0.000000 0.000000 0.000000 0.000000 -0.000000 0.000000 0.000000 ; 
28199 0.000939 -0.009276 -0.014227 -8.855531 -2.071614 -3.661329 0.000000 0.000000 0.000000 1.000000 0.000000 0.000000 0.000000 0.000000 0.000000 0.000000 0.000000 -0.000000 0.000000 0.000000 ; 
28490 -0.001217 -0.008220 -0.012088 -8.798104 -2.090547 -3.675688 0.000000 0.000000 0.000000 1.000000 0.000000 0.000000 0.000000 0.000000 0.000000 0.000000 0.000000 -0.000000 0.000000 0.000000 ; 
29300 -0.003366 -0.009285 -0.009943 -8.745294 -2.099681 -3.746910 0.000000 0.000000 0.000000 1.000000 0.000000 0.000000 0.000000 0.000000 0.000000 0.000000 0.000000 -0.000000 0.000000 0.000000 ; 
29520 0.001984 -0.002908 -0.013196 -8.850531 -2.100097 -3.708749 0.000000 0.000000 0.000000 1.000000 0.000000 0.000000 0.000000 0.000000 0.000000 0.000000 0.000000 -0.000000 0.000000 0.000000 ; 
30010 -0.000146 -0.007160 -0.012092 -8.769677 -2.104987 -3.690088 0.000000 0.000000 0.000000 1.000000 0.000000 0.000000 0.000000 0.000000 0.000000 0.000000 0.000000 -0.000000 0.000000 0.000000 ; 
30620 0.001974 -0.006097 -0.008933 -8.807799 -2.095350 -3.727917 0.000000 0.000000 0.000000 1.000000 0.000000 0.000000 0.000000 0.000000 0.000000 0.000000 0.000000 -0.000000 0.000000 0.000000 ; 
31451 0.004139 -0.006091 -0.013197 -8.812749 -2.062002 -3.699454 0.000000 0.000000 0.000000 1.000000 0.000000 0.000000 0.000000 0.000000 0.000000 0.000000 0.000000 -0.000000 0.000000 0.000000 ; 
31671 0.001978 -0.007158 -0.008929 -8.802979 -2.080888 -3.751621 0.000000 0.000000 0.000000 1.000000 0.000000 0.000000 0.000000 0.000000 0.000000 0.000000 0.000000 -0.000000 0.000000 0.000000 ; 
32651 0.003062 -0.006094 -0.012126 -8.812672 -2.114677 -3.685254 0.000000 0.000000 0.000000 1.000000 0.000000 0.000000 0.000000 0.000000 0.000000 0.000000 0.000000 -0.000000 0.000000 0.000000 ; 
32871 0.005216 -0.008212 -0.013200 -8.793601 -2.090695 -3.690029 0.000000 0.000000 0.000000 1.000000 0.000000 0.000000 0.000000 0.000000 0.000000 0.000000 0.000000 -0.000000 0.000000 0.000000 ; 
33751 -0.000162 -0.003977 -0.011042 -8.798355 -2.081080 -3.704233 0.000000 0.000000 0.000000 1.000000 0.000000 0.000000 0.000000 0.000000 0.000000 0.000000 0.000000 -0.000000 0.000000 0.000000 ; 
34562 0.001998 -0.008218 -0.012109 -8.807865 -2.081042 -3.718431 0.000000 0.000000 0.000000 1.000000 0.000000 0.000000 0.000000 0.000000 0.000000 0.000000 0.000000 -0.000000 0.000000 0.000000 ; 
34952 0.008370 -0.002905 -0.005820 -8.984566 -2.148533 -3.694350 0.000000 0.000000 0.000000 1.000000 0.000000 0.000000 0.000000 0.000000 0.000000 0.000000 0.000000 -0.000000 0.000000 0.000000 ; 
35342 0.000864 -0.000795 -0.004696 -8.836625 -2.081233 -3.689926 0.000000 0.000000 0.000000 1.000000 -0.000016 0.000217 0.000243 0.000000 0.000000 0.000000 0.000000 -0.000000 0.000000 0.000000 ; 
36082 -0.000147 -0.005037 -0.013160 -8.802988 -2.109689 -3.727933 0.000000 0.000000 0.000000 1.000000 -0.000052 0.000049 -0.000083 0.000000 0.000000 0.000000 0.000000 -0.000000 0.000000 0.000000 ; 
36472 0.000908 -0.009283 -0.007851 -8.836750 -2.047812 -3.675694 0.000000 0.000000 0.000000 1.000000 -0.000059 -0.000008 -0.000023 0.000000 0.000000 0.000000 0.000000 -0.000000 0.000000 0.000000 ; 
37033 0.005210 -0.008213 -0.012139 -8.788719 -2.095345 -3.718481 0.000000 0.000000 0.000000 1.000000 0.000051 -0.000061 -0.000057 0.000000 0.000000 0.000000 0.000000 -0.000000 0.000000 0.000000 ; 
37423 0.004130 -0.007154 -0.011071 -8.822374 -2.071713 -3.670997 0.000000 0.000000 0.000000 1.000000 0.000107 -0.000076 -0.000060 0.000000 0.000000 0.000000 0.000000 -0.000000 0.000000 0.000000 ; 
37643 0.000915 -0.003975 -0.012112 -8.779508 -2.066990 -3.633174 0.000000 0.000000 0.000000 1.000000 0.000103 -0.000050 -0.000073 0.000000 0.000000 0.000000 0.000000 -0.000000 0.000000 0.000000 ; 
38063 0.000907 -0.007160 -0.008919 -8.826827 -2.104880 -3.746835 0.000000 0.000000 0.000000 1.000000 0.000096 -0.000067 -0.000031 0.000000 0.000000 0.000000 0.000000 -0.000000 0.000000 0.000000 ; 
38363 -0.001217 -0.005039 -0.013150 -8.784110 -2.095557 -3.666353 0.000000 0.000000 0.000000 1.000000 0.000059 -0.000047 -0.000065 0.000000 0.000000 0.000000 0.000000 -0.000000 0.000000 0.000000 ; 
38953 -0.001232 -0.006102 -0.009964 -8.817338 -2.109743 -3.723160 0.000000 0.000000 0.000000 1.000000 -0.000015 -0.000040 -0.000036 0.000000 0.000000 0.000000 0.000000 -0.000000 0.000000 0.000000 ; 
39253 0.003045 -0.006095 -0.008943 -8.841355 -2.061990 -3.718349 0.000000 0.000000 0.000000 1.000000 0.000012 -0.000036 -0.000007 0.000000 0.000000 0.000000 0.000000 -0.000000 0.000000 0.000000 ; 
39844 0.001998 -0.008218 -0.012109 -8.807793 -2.104937 -3.723180 0.000000 0.000000 0.000000 1.000000 0.000033 -0.000091 -0.000042 0.000000 0.000000 0.000000 0.000000 -0.000000 0.000000 0.000000 ; 
40654 0.001988 -0.008220 -0.009983 -8.807842 -2.085739 -3.756391 0.000000 0.000000 0.000000 1.000000 0.000062 -0.000167 -0.000004 0.000000 0.000000 0.000000 0.000000 -0.000000 0.000000 0.000000 ; 
41044 -0.000161 -0.003978 -0.011038 -8.827311 -2.071863 -3.656804 0.000000 0.000000 0.000000 1.000000 0.000035 -0.000120 -0.000006 0.000000 0.000000 0.000000 0.000000 -0.000000 0.000000 0.000000 ; 
41854 0.000944 -0.009281 -0.014214 -8.788808 -2.085795 -3.732736 0.000000 0.000000 0.000000 1.000000 0.000022 -0.000239 -0.000139 0.000000 0.000000 0.000000 0.000000 -0.000000 0.000000 0.000000 ; 
42244 -0.000154 -0.006100 -0.011031 -8.808187 -2.076601 -3.656849 0.000000 0.000000 0.000000 1.000000 -0.000006 -0.000234 -0.000142 0.000000 0.000000 0.000000 0.000000 -0.000000 0.000000 0.000000 ; 
42445 0.001982 -0.008221 -0.008922 -8.851060 -2.105323 -3.675720 0.000000 0.000000 0.000000 1.000000 0.000001 -0.000253 -0.000121 0.000000 0.000000 0.000000 0.000000 -0.000000 0.000000 0.000000 ; 
42625 0.001966 -0.005038 -0.007872 -8.817679 -2.090933 -3.666313 0.000000 0.000000 0.000000 1.000000 0.000007 -0.000241 -0.000094 0.000000 0.000000 0.000000 0.000000 -0.000000 0.000000 0.000000 ; 
43135 0.001992 -0.003973 -0.013180 -8.803349 -2.095702 -3.661609 0.000000 0.000000 0.000000 1.000000 0.000026 -0.000180 -0.000152 0.000000 0.000000 0.000000 0.000000 -0.000000 0.000000 0.000000 ; 
43705 -0.001246 -0.002920 -0.008910 -8.822149 -2.090536 -3.761100 0.000000 0.000000 0.000000 1.000000 -0.000046 -0.000082 -0.000094 0.000000 0.000000 0.000000 0.000000 -0.000000 0.000000 0.000000 ; 
43755 -0.001225 -0.006102 -0.011021 -8.817592 -2.042836 -3.727915 0.000000 0.000000 0.000000 1.000000 -0.000052 -0.000082 -0.000095 0.000000 0.000000 0.000000 0.000000 -0.000000 0.000000 0.000000 ; 
44345 0.000925 -0.005036 -0.013167 -8.793709 -2.085970 -3.694806 0.000000 0.000000 0.000000 1.000000 -0.000062 -0.000043 -0.000161 0.000000 0.000000 0.000000 0.000000 -0.000000 0.000000 0.000000 ; 
44445 0.000902 -0.007162 -0.007855 -8.812730 -2.124281 -3.694777 0.000000 0.000000 0.000000 1.000000 -0.000064 -0.000047 -0.000146 0.000000 0.000000 0.000000 0.000000 -0.000000 0.000000 0.000000 ; 
44845 -0.000163 -0.005040 -0.009974 -8.860315 -2.114545 -3.761021 0.000000 0.000000 0.000000 1.000000 -0.000092 -0.000021 -0.000127 0.000000 0.000000 0.000000 0.000000 -0.000000 0.000000 0.000000 ; 
45045 0.000922 -0.003975 -0.013170 -8.779228 -2.076145 -3.746973 0.000000 0.000000 0.000000 1.000000 -0.000096 0.000003 -0.000149 0.000000 0.000000 0.000000 0.000000 -0.000000 0.000000 0.000000 ; 
45466 0.000917 -0.008222 -0.009973 -8.764859 -2.143236 -3.709112 0.000000 0.000000 0.000000 1.000000 -0.000103 -0.000036 -0.000129 0.000000 0.000000 0.000000 0.000000 -0.000000 0.000000 0.000000 ; 
45716 -0.001240 -0.002919 -0.009971 -8.812783 -2.114756 -3.685292 0.000000 0.000000 0.000000 1.000000 -0.000134 0.000007 -0.000117 0.000000 0.000000 0.000000 0.000000 -0.000000 0.000000 0.000000 ; 
46066 0.001979 -0.007159 -0.008926 -8.784003 -2.109740 -3.723275 0.000000 0.000000 0.000000 1.000000 -0.000122 -0.000007 -0.000082 0.000000 0.000000 0.000000 0.000000 -0.000000 0.000000 0.000000 ; 
46346 -0.000151 -0.007162 -0.011028 -8.846308 -2.081353 -3.685203 0.000000 0.000000 0.000000 1.000000 -0.000142 -0.000019 -0.000084 0.000000 0.000000 0.000000 0.000000 -0.000000 0.000000 0.000000 ; 
46716 -0.000169 -0.005040 -0.008913 -8.855791 -2.086079 -3.704143 0.000000 0.000000 0.000000 1.000000 -0.000168 0.000006 -0.000047 0.000000 0.000000 0.000000 0.000000 -0.000000 0.000000 0.000000 ; 
46916 0.003068 -0.009279 -0.011051 -8.770041 -2.057417 -3.647450 0.000000 0.000000 0.000000 1.000000 -0.000150 -0.000024 -0.000048 0.000000 0.000000 0.000000 0.000000 -0.000000 0.000000 0.000000 ; 
47116 0.000908 -0.007161 -0.008916 -8.803136 -2.133803 -3.699541 0.000000 0.000000 0.000000 1.000000 -0.000154 -0.000032 -0.000028 0.000000 0.000000 0.000000 0.000000 -0.000000 0.000000 0.000000 ; 
47947 -0.001219 -0.006101 -0.012082 -8.860155 -2.123927 -3.803683 0.000000 0.000000 0.000000 1.000000 -0.000257 -0.000021 -0.000076 0.000000 0.000000 0.000000 0.000000 -0.000000 0.000000 0.000000 ; 
48147 0.001982 -0.008221 -0.008922 -8.669595 -2.090616 -3.657173 0.000000 0.000000 0.000000 1.000000 -0.000250 -0.000040 -0.000056 0.000000 0.000000 0.000000 0.000000 -0.000000 0.000000 0.000000 ; 
48317 0.001978 -0.005036 -0.009994 -8.855493 -2.133665 -3.761039 0.000000 0.000000 0.000000 1.000000 -0.000244 -0.000029 -0.000048 0.000000 0.000000 0.000000 0.000000 -0.000000 0.000000 0.000000 ; 
